The number of vertices in the graph is 6590.
The number of edges in the graph is 2342.
Below is the adjacency list for this graph with the vertices sorted.
1,99,219,329
2,
3,
4,
5,114,238,239,296,329
6,
7,264,278
8,11,18,60,84
9,
10,
11,8,31,74,152,274,289
12,
13,
14,79,86,129,147
15,250,296
16,
17,202,297
18,8,21,88,252
19,147,198,288,297
20,
21,18,129,156,290
22,
23,80,123,218,252
24,
25,
26,
27,80,164,172,298
28,
29,
30,74,298
31,11,75,151,172,264,294
32,
33,
34,99,133,186,299
35,
36,
37,
38,
39,45,72,283,299
40,
41,96,112,144,300
42,
43,99,129
44,
45,39,274
46,
47,
48,
49,
50,
51,
52,
53,
54,
55,
56,74,163
57,
58,
59,202,257,266,283
60,8,104,120,172,218,250,285,300
61,
62,70,80,130,167
63,
64,
65,172,225,293,301
66,
67,
68,
69,
70,62,119,120,301
71,
72,39,98
73,277,302
74,11,30,56,120,192,202,211,289
75,31,98,202,302
76,
77,
78,
79,14,88,144,303
80,23,27,62,112,128,133,186,209,254,303
81,
82,
83,
84,8,87,210,276
85,178,286,293,304
86,14,99,215,304
87,84,136,151,218
88,18,79,156,163
89,
90,
91,
92,
93,
94,
95,
96,41,266,277,305
97,
98,72,75,147,172,276,305
99,1,34,43,86,119,185
100,
101,
102,154,164,251,306
103,
104,60,114
105,
106,
107,
108,
109,129,306
110,
111,115,272
112,41,80
113,
114,5,104,206,307
115,111,142,250,307
116,
117,
118,
119,70,99
120,60,70,74,183,193,308
121,
122,237,272,293,308
123,23,309
124,202,309
125,
126,
127,
128,80,310
129,14,21,43,109,277,310
130,62,133
131,
132,
133,34,80,130,178,285,311
134,
135,
136,87,311
137,
138,
139,183,259,266,312
140,
141,
142,115,186,283,312
143,
144,41,79
145,
146,
147,14,19,98,164
148,
149,
150,
151,31,87,217,313
152,11,217,266,313
153,154,210
154,102,153,254,314
155,
156,21,88,264,314
157,
158,
159,
160,200,215
161,
162,
163,56,88
164,27,102,147,315
165,
166,256,315
167,62,172
168,
169,
170,
171,
172,27,31,60,65,98,167
173,
174,
175,
176,
177,
178,85,133,186,316
179,294,316
180,
181,
182,
183,120,139,210,215,219,237,238,254
184,
185,99,254
186,34,80,142,178
187,
188,
189,
190,
191,
192,74,234
193,120,225
194,
195,
196,
197,
198,19,199,285,317
199,198,238,274,317
200,160,210,225,258
201,
202,17,59,74,75,124,318
203,
204,
205,
206,114,283
207,
208,
209,80,318
210,84,153,183,200,264,319
211,74,319
212,218,225
213,
214,
215,86,160,183,254,256,320
216,
217,151,152,264,272,293,294
218,23,60,87,212,259,288
219,1,183
220,
221,
222,228,320
223,
224,
225,65,193,200,212,290,321
226,
227,
228,222,257,286,294
229,
230,
231,
232,
233,
234,192,251
235,
236,
237,122,183
238,5,183,199,321
239,5,322
240,
241,
242,
243,
244,
245,
246,
247,
248,
249,
250,15,60,115,322
251,102,234,277,323
252,18,23,274,323
253,
254,80,154,183,185,215,283
255,
256,166,215,258,324
257,59,228
258,200,256
259,139,218
260,
261,
262,
263,
264,7,31,156,210,217,278,284,288
265,
266,59,96,139,152
267,
268,
269,
270,
271,
272,111,122,217,324
273,
274,11,45,199,252,277,286,287,325
275,
276,84,98
277,73,96,129,251,274,325
278,7,264
279,
280,
281,
282,
283,39,59,142,206,254,326
284,264,285
285,60,133,198,284
286,85,228,274,326
287,274,327
288,19,218,264,327
289,11,74,295,328
290,21,225
291,
292,
293,65,85,122,217
294,31,179,217,228
295,289,328
296,5,15
297,17,19
298,27,30
299,34,39
300,41,60
301,65,70
302,73,75
303,79,80
304,85,86
305,96,98
306,102,109
307,114,115
308,120,122
309,123,124
310,128,129
311,133,136
312,139,142
313,151,152
314,154,156
315,164,166
316,178,179
317,198,199
318,202,209
319,210,211
320,215,222
321,225,238
322,239,250
323,251,252
324,256,272
325,274,277
326,283,286
327,287,288
328,289,295
329,1,5
330,
331,
332,
333,
334,
335,
336,
337,
338,
339,
340,
341,
342,
343,
344,
345,
346,
347,
348,
349,
350,
351,
352,
353,
354,
355,
356,
357,
358,
359,
360,
361,
362,
363,
364,
365,
366,
367,
368,
369,
370,
371,
372,
373,
374,
375,
376,
377,
378,
379,
380,
381,
382,
383,
384,
385,
386,
387,
388,
389,
390,
391,
392,
393,
394,
395,
396,
397,
398,
399,
400,
401,
402,
403,
404,
405,
406,
407,
408,
409,
410,
411,
412,
413,
414,
415,
416,
417,
418,
419,
420,
421,
422,
423,
424,
425,
426,
427,
428,
429,
430,
431,
432,
433,
434,
435,
436,
437,
438,
439,
440,
441,
442,
443,
444,
445,
446,
447,
448,
449,
450,
451,
452,
453,
454,
455,
456,
457,
458,
459,
460,
461,
462,
463,
464,
465,
466,
467,
468,
469,
470,
471,
472,
473,
474,
475,
476,
477,
478,
479,
480,
481,
482,
483,
484,
485,
486,
487,
488,
489,
490,
491,
492,
493,
494,
495,
496,
497,
498,
499,
500,
501,
502,
503,
504,
505,
506,
507,
508,
509,
510,
511,
512,
513,
514,
515,
516,
517,
518,
519,
520,
521,
522,
523,
524,
525,
526,
527,
528,
529,
530,
531,
532,
533,
534,
535,
536,
537,
538,
539,
540,
541,
542,
543,
544,
545,
546,
547,
548,
549,
550,
551,
552,
553,
554,
555,
556,
557,
558,
559,
560,
561,
562,
563,
564,
565,
566,
567,
568,
569,
570,
571,
572,
573,
574,
575,
576,
577,
578,
579,
580,
581,
582,
583,
584,
585,
586,
587,
588,
589,
590,
591,
592,
593,
594,
595,
596,
597,
598,
599,
600,
601,
602,
603,
604,
605,
606,
607,
608,
609,
610,
611,
612,
613,
614,
615,
616,
617,
618,
619,
620,
621,
622,
623,
624,
625,
626,
627,
628,
629,
630,
631,
632,
633,
634,
635,
636,
637,
638,
639,
640,
641,
642,
643,
644,
645,
646,
647,
648,
649,
650,
651,
652,
653,
654,
655,
656,
657,
658,
659,
660,
661,
662,
663,
664,
665,
666,
667,
668,
669,
670,
671,
672,
673,
674,
675,
676,
677,
678,
679,
680,
681,
682,
683,
684,
685,
686,
687,
688,
689,
690,
691,
692,
693,
694,
695,
696,
697,
698,
699,
700,710,1000
701,801,1000
702,704,744,759,1001
703,
704,702,867
705,
706,
707,
708,
709,771,782
710,700,774,808,866,974,1001
711,
712,
713,
714,732,756
715,
716,
717,739,946,986,1002
718,
719,
720,
721,
722,
723,749,764,817,883,907,957,969,973
724,781,801,870,1002
725,752,782,799,867,883,891,950,992,996,1003
726,
727,817,886
728,
729,
730,
731,
732,714,782,996,1003
733,
734,
735,
736,
737,
738,
739,717,790
740,851,867,902,1004
741,883,1004
742,758,813,816,833,968,986
743,
744,702,782,795,928
745,
746,
747,
748,848,938,968,1005
749,723,966,973,1005
750,
751,
752,725,795,963,1006
753,
754,
755,840,891,993,1006
756,714,768,954,1007
757,
758,742,974
759,702,847
760,851,1007
761,
762,
763,
764,723,1008
765,841,865,933,957
766,954,1008
767,
768,756,792,793,799,964,999
769,
770,
771,709,847,999,1009
772,810,1009
773,
774,710,781,966,1010
775,
776,843,985
777,885,910,918,1010
778,
779,
780,
781,724,774,915,934,955,964
782,709,725,732,744,790,808,818,824,916,917,996,1011
783,
784,
785,
786,
787,
788,993,1011
789,
790,739,782,836,861,990,1012
791,
792,768,896,916,951,974,986
793,768,801
794,824,866
795,744,752,887,973
796,916,1012
797,
798,
799,725,768,870,922
800,
801,701,724,793,916
802,
803,996,1013
804,
805,
806,
807,
808,710,782,898,957,958,1013
809,
810,772,892,896,1014
811,
812,
813,742,951
814,
815,
816,742,847,930,950
817,723,727
818,782,938,939,1014
819,
820,
821,
822,
823,
824,782,794,918,1015
825,
826,898,1015
827,
828,
829,
830,
831,918,973
832,
833,742,945
834,
835,
836,790,907,973,1016
837,
838,
839,
840,755,895,969,1016
841,765,885
842,
843,776,955,973,1017
844,
845,
846,
847,759,771,816,969
848,748,935
849,
850,
851,740,760,857,950,990,1017
852,
853,
854,
855,
856,
857,851,885
858,
859,
860,
861,790,875,968,999
862,
863,
864,
865,765,866,963,1018
866,710,794,865,969
867,704,725,740,892,922,1018
868,
869,
870,724,799,890,928,950,1019
871,945,957
872,
873,
874,
875,861,892,946,1019
876,
877,
878,
879,
880,
881,
882,
883,723,725,741,892,930,1020
884,
885,777,841,857,954
886,727,950,954,1020
887,795,992,993,1021
888,
889,
890,870,928
891,725,755,930,1021
892,810,867,875,883
893,
894,
895,840,973
896,792,810,930,1022
897,
898,808,826,899,951
899,898,927
900,
901,
902,740,1022
903,
904,
905,
906,973,1023
907,723,836,919,964
908,
909,
910,777,916,935,1023
911,
912,
913,
914,925,927,945,950,985,1024
915,781,930,958,1024
916,782,792,796,801,910,927
917,782,1025
918,777,824,831,1025
919,907,1026
920,
921,
922,799,867
923,
924,
925,914,1026
926,
927,899,914,916,1027
928,744,870,890,1027
929,
930,816,883,891,896,915,935
931,
932,
933,765,950
934,781,1028
935,848,910,930,1028
936,
937,
938,748,818,993,1029
939,818,1029
940,
941,
942,
943,
944,
945,833,871,914,1030
946,717,875,957,1030
947,
948,
949,
950,725,816,851,870,886,914,933,1031
951,792,813,898,993
952,
953,
954,756,766,885,886,990,1031
955,781,843
956,
957,723,765,808,871,946,1032
958,808,915
959,
960,
961,
962,
963,752,865
964,768,781,907,1032
965,
966,749,774
967,
968,742,748,861,969
969,723,840,847,866,968,1033
970,
971,
972,
973,723,749,795,831,836,843,895,906
974,710,758,792,996
975,
976,
977,
978,
979,
980,
981,
982,
983,
984,
985,776,914
986,717,742,792,1033
987,
988,
989,
990,790,851,954,1034
991,
992,725,887
993,755,788,887,938,951,1034
994,
995,
996,725,732,782,803,974,1035
997,
998,
999,768,771,861,1035
1000,700,701
1001,702,710
1002,717,724
1003,725,732
1004,740,741
1005,748,749
1006,752,755
1007,756,760
1008,764,766
1009,771,772
1010,774,777
1011,782,788
1012,790,796
1013,803,808
1014,810,818
1015,824,826
1016,836,840
1017,843,851
1018,865,867
1019,870,875
1020,883,886
1021,887,891
1022,896,902
1023,906,910
1024,914,915,1036
1025,917,918,1036
1026,919,925
1027,927,928
1028,934,935
1029,938,939
1030,945,946
1031,950,954
1032,957,964
1033,969,986
1034,990,993
1035,996,999
1036,1024,1025
1037,
1038,
1039,
1040,
1041,
1042,
1043,
1044,
1045,
1046,
1047,
1048,
1049,
1050,
1051,
1052,
1053,
1054,
1055,
1056,
1057,
1058,
1059,
1060,
1061,
1062,
1063,
1064,
1065,
1066,
1067,
1068,
1069,
1070,
1071,
1072,
1073,
1074,
1075,
1076,
1077,
1078,
1079,
1080,
1081,
1082,
1083,
1084,
1085,
1086,
1087,
1088,
1089,
1090,
1091,
1092,
1093,
1094,
1095,
1096,
1097,
1098,
1099,
1100,
1101,
1102,
1103,
1104,
1105,
1106,
1107,
1108,
1109,
1110,
1111,
1112,
1113,
1114,
1115,
1116,
1117,
1118,
1119,
1120,
1121,
1122,
1123,
1124,
1125,
1126,
1127,
1128,
1129,
1130,
1131,
1132,
1133,
1134,
1135,
1136,
1137,
1138,
1139,
1140,
1141,
1142,
1143,
1144,
1145,
1146,
1147,
1148,
1149,
1150,
1151,
1152,
1153,
1154,
1155,
1156,
1157,
1158,
1159,
1160,
1161,
1162,
1163,
1164,
1165,
1166,
1167,
1168,
1169,
1170,
1171,
1172,
1173,
1174,
1175,
1176,
1177,
1178,
1179,
1180,
1181,
1182,
1183,
1184,
1185,
1186,
1187,
1188,
1189,
1190,
1191,
1192,
1193,
1194,
1195,
1196,
1197,
1198,
1199,
1200,
1201,
1202,
1203,
1204,
1205,
1206,
1207,
1208,
1209,
1210,
1211,
1212,
1213,
1214,
1215,
1216,
1217,
1218,
1219,
1220,
1221,
1222,
1223,
1224,
1225,
1226,
1227,
1228,
1229,
1230,
1231,
1232,
1233,
1234,
1235,
1236,
1237,
1238,
1239,
1240,
1241,
1242,
1243,
1244,
1245,
1246,
1247,
1248,
1249,
1250,
1251,
1252,
1253,
1254,
1255,
1256,
1257,
1258,
1259,
1260,
1261,
1262,
1263,
1264,
1265,
1266,
1267,
1268,
1269,
1270,
1271,
1272,
1273,
1274,
1275,
1276,
1277,
1278,
1279,
1280,
1281,
1282,
1283,
1284,
1285,
1286,
1287,
1288,
1289,
1290,
1291,
1292,
1293,
1294,
1295,
1296,
1297,
1298,
1299,
1300,
1301,
1302,
1303,
1304,
1305,
1306,
1307,
1308,
1309,
1310,
1311,
1312,
1313,
1314,
1315,
1316,
1317,
1318,
1319,
1320,
1321,
1322,
1323,
1324,
1325,
1326,
1327,
1328,
1329,
1330,
1331,
1332,
1333,
1334,
1335,
1336,
1337,
1338,
1339,
1340,
1341,
1342,
1343,
1344,
1345,
1346,
1347,
1348,
1349,
1350,
1351,
1352,
1353,
1354,
1355,
1356,
1357,
1358,
1359,
1360,
1361,
1362,
1363,
1364,
1365,
1366,
1367,
1368,
1369,
1370,
1371,
1372,
1373,
1374,
1375,
1376,
1377,
1378,
1379,
1380,
1381,
1382,
1383,
1384,
1385,
1386,
1387,
1388,
1389,
1390,
1391,
1392,
1393,
1394,
1395,
1396,
1397,
1398,
1399,
1400,
1401,1442,1509,1593,1622
1402,1455,1531,1680,1720
1403,
1404,1570,1600,1689,1721
1405,1522,1561,1694,1721
1406,1469,1479,1481,1722
1407,
1408,
1409,1491,1634
1410,
1411,
1412,1506,1530,1575,1634
1413,1450,1600,1632,1666
1414,1522,1529,1665,1669
1415,
1416,
1417,
1418,
1419,1469,1480,1698,1722
1420,
1421,
1422,
1423,
1424,
1425,
1426,
1427,
1428,
1429,
1430,
1431,
1432,
1433,
1434,
1435,1500,1698
1436,
1437,1479,1658,1666,1723
1438,
1439,1570,1723
1440,
1441,1507,1513,1557,1593,1687,1724
1442,1401,1593,1607,1724
1443,
1444,1481,1593
1445,
1446,
1447,
1448,
1449,1593,1725
1450,1413,1464,1514,1563
1451,
1452,1487,1563
1453,
1454,1672,1725
1455,1402,1654,1672,1726
1456,1506,1517,1529,1574,1581,1726
1457,1557,1584,1600,1634
1458,
1459,
1460,
1461,1518,1727
1462,
1463,1481,1574,1581,1727
1464,1450,1600
1465,
1466,
1467,1519,1550,1563,1688
1468,
1469,1406,1419,1632,1728
1470,1606,1661
1471,
1472,
1473,
1474,
1475,
1476,1500,1593
1477,1540,1581
1478,1560,1728
1479,1406,1437
1480,1419,1574,1634,1729
1481,1406,1444,1463,1506
1482,
1483,1487,1509,1606,1729
1484,1600,1627
1485,
1486,
1487,1452,1483
1488,
1489,
1490,1543,1555
1491,1409,1560
1492,
1493,
1494,1610,1655
1495,
1496,
1497,
1498,1658,1730
1499,
1500,1435,1476,1519,1581,1669,1672
1501,
1502,
1503,
1504,
1505,
1506,1412,1456,1481,1553,1584,1642,1666,1691
1507,1441,1730
1508,
1509,1401,1483,1522,1634,1642,1662,1691,1731
1510,
1511,
1512,
1513,1441,1528,1562,1610
1514,1450,1731
1515,
1516,
1517,1456,1544
1518,1461,1641,1687,1688
1519,1467,1500,1645,1732
1520,
1521,
1522,1405,1414,1509,1530,1581,1732
1523,
1524,
1525,
1526,1540,1688,1698,1733
1527,
1528,1513,1733
1529,1414,1456,1574,1734
1530,1412,1522
1531,1402,1593,1647,1680
1532,1672,1734
1533,
1534,
1535,
1536,
1537,1544,1699
1538,
1539,
1540,1477,1526,1632,1663,1672,1699
1541,1666,1700
1542,1593,1700
1543,1490,1701
1544,1517,1537,1625,1628,1662,1701
1545,
1546,1551,1570,1642,1686
1547,
1548,1625,1702
1549,
1550,1467,1553,1612,1702
1551,1546,1581,1687,1703
1552,
1553,1506,1550
1554,
1555,1490,1570,1575,1655,1691,1694
1556,
1557,1441,1457
1558,
1559,
1560,1478,1491,1593,1647,1671,1703
1561,1405,1640,1643,1704
1562,1513,1661,1669,1704
1563,1450,1452,1467,1705
1564,
1565,
1566,
1567,
1568,
1569,1570,1594,1672,1705
1570,1404,1439,1546,1555,1569,1594,1666,1706
1571,
1572,
1573,
1574,1456,1463,1480,1529,1698,1706
1575,1412,1555,1627,1707
1576,
1577,
1578,
1579,
1580,
1581,1456,1463,1477,1500,1522,1551,1594,1642
1582,
1583,
1584,1457,1506,1647,1694
1585,
1586,1663,1688
1587,
1588,
1589,
1590,
1591,
1592,
1593,1401,1441,1442,1444,1449,1476,1531,1542,1560,1707
1594,1569,1570,1581,1680
1595,
1596,
1597,1634,1647,1661,1665
1598,
1599,
1600,1404,1413,1457,1464,1484,1634,1666,1708
1601,
1602,
1603,
1604,
1605,
1606,1470,1483,1672,1708
1607,1442,1627,1647,1694
1608,
1609,1684,1698
1610,1494,1513,1694,1709
1611,
1612,1550,1709
1613,
1614,
1615,
1616,
1617,
1618,
1619,
1620,
1621,1655,1710
1622,1401,1710
1623,
1624,
1625,1544,1548,1666,1711
1626,
1627,1484,1575,1607,1711
1628,1544,1658
1629,
1630,
1631,
1632,1413,1469,1540,1712
1633,
1634,1409,1412,1457,1480,1509,1597,1600,1698
1635,
1636,
1637,
1638,
1639,
1640,1561,1712
1641,1518,1713
1642,1506,1509,1546,1581
1643,1561,1698
1644,
1645,1519,1713
1646,
1647,1531,1560,1584,1597,1607,1714
1648,
1649,
1650,
1651,
1652,
1653,
1654,1455,1672
1655,1494,1555,1621,1714
1656,
1657,
1658,1437,1498,1628,1669,1689,1715
1659,
1660,
1661,1470,1562,1597,1669
1662,1509,1544
1663,1540,1586,1677,1715
1664,
1665,1414,1597
1666,1413,1437,1506,1541,1570,1600,1625,1688
1667,
1668,
1669,1414,1500,1562,1658,1661,1716
1670,
1671,1560,1716
1672,1454,1455,1500,1532,1540,1569,1606,1654
1673,
1674,
1675,
1676,
1677,1663,1717
1678,
1679,
1680,1402,1531,1594,1717
1681,
1682,
1683,
1684,1609,1689
1685,
1686,1546,1718
1687,1441,1518,1551,1718
1688,1467,1518,1526,1586,1666,1719
1689,1404,1658,1684,1719
1690,
1691,1506,1509,1555,1698
1692,
1693,
1694,1405,1555,1584,1607,1610,1720
1695,
1696,
1697,
1698,1419,1435,1526,1574,1609,1634,1643,1691
1699,1537,1540
1700,1541,1542
1701,1543,1544
1702,1548,1550
1703,1551,1560
1704,1561,1562
1705,1563,1569
1706,1570,1574
1707,1575,1593
1708,1600,1606
1709,1610,1612
1710,1621,1622
1711,1625,1627
1712,1632,1640
1713,1641,1645
1714,1647,1655
1715,1658,1663
1716,1669,1671
1717,1677,1680
1718,1686,1687
1719,1688,1689
1720,1402,1694
1721,1404,1405
1722,1406,1419
1723,1437,1439
1724,1441,1442
1725,1449,1454
1726,1455,1456
1727,1461,1463
1728,1469,1478
1729,1480,1483
1730,1498,1507
1731,1509,1514
1732,1519,1522
1733,1526,1528
1734,1529,1532
1735,
1736,
1737,
1738,
1739,
1740,
1741,
1742,
1743,
1744,
1745,
1746,
1747,
1748,
1749,
1750,
1751,
1752,
1753,
1754,
1755,
1756,
1757,
1758,
1759,
1760,
1761,
1762,
1763,
1764,
1765,
1766,
1767,
1768,
1769,
1770,
1771,
1772,
1773,
1774,
1775,
1776,
1777,
1778,
1779,
1780,
1781,
1782,
1783,
1784,
1785,
1786,
1787,
1788,
1789,
1790,
1791,
1792,
1793,
1794,
1795,
1796,
1797,
1798,
1799,
1800,
1801,
1802,
1803,
1804,
1805,
1806,
1807,
1808,
1809,
1810,
1811,
1812,
1813,
1814,
1815,
1816,
1817,
1818,
1819,
1820,
1821,
1822,
1823,
1824,
1825,
1826,
1827,
1828,
1829,
1830,
1831,
1832,
1833,
1834,
1835,
1836,
1837,
1838,
1839,
1840,
1841,
1842,
1843,
1844,
1845,
1846,
1847,
1848,
1849,
1850,
1851,
1852,
1853,
1854,
1855,
1856,
1857,
1858,
1859,
1860,
1861,
1862,
1863,
1864,
1865,
1866,
1867,
1868,
1869,
1870,
1871,
1872,
1873,
1874,
1875,
1876,
1877,
1878,
1879,
1880,
1881,
1882,
1883,
1884,
1885,
1886,
1887,
1888,
1889,
1890,
1891,
1892,
1893,
1894,
1895,
1896,
1897,
1898,
1899,
1900,
1901,
1902,
1903,
1904,
1905,
1906,
1907,
1908,
1909,
1910,
1911,
1912,
1913,
1914,
1915,
1916,
1917,
1918,
1919,
1920,
1921,
1922,
1923,
1924,
1925,
1926,
1927,
1928,
1929,
1930,
1931,
1932,
1933,
1934,
1935,
1936,
1937,
1938,
1939,
1940,
1941,
1942,
1943,
1944,
1945,
1946,
1947,
1948,
1949,
1950,
1951,
1952,
1953,
1954,
1955,
1956,
1957,
1958,
1959,
1960,
1961,
1962,
1963,
1964,
1965,
1966,
1967,
1968,
1969,
1970,
1971,
1972,
1973,
1974,
1975,
1976,
1977,
1978,
1979,
1980,
1981,
1982,
1983,
1984,
1985,
1986,
1987,
1988,
1989,
1990,
1991,
1992,
1993,
1994,
1995,
1996,
1997,
1998,
1999,
2000,
2001,
2002,
2003,
2004,
2005,
2006,
2007,
2008,
2009,
2010,
2011,
2012,
2013,
2014,
2015,
2016,
2017,
2018,
2019,
2020,
2021,
2022,
2023,
2024,
2025,
2026,
2027,
2028,
2029,
2030,
2031,
2032,
2033,
2034,
2035,
2036,
2037,
2038,
2039,
2040,
2041,
2042,
2043,
2044,
2045,
2046,
2047,
2048,
2049,
2050,
2051,
2052,
2053,
2054,
2055,
2056,
2057,
2058,
2059,
2060,
2061,
2062,
2063,
2064,
2065,
2066,
2067,
2068,
2069,
2070,
2071,
2072,
2073,
2074,
2075,
2076,
2077,
2078,
2079,
2080,
2081,
2082,
2083,
2084,
2085,
2086,
2087,
2088,
2089,
2090,
2091,
2092,
2093,
2094,
2095,
2096,
2097,
2098,
2099,
2100,
2101,
2102,
2103,
2104,
2105,
2106,2192,2287
2107,
2108,2145,2287
2109,
2110,
2111,
2112,
2113,
2114,
2115,
2116,
2117,
2118,2183,2399
2119,2202,2209,2318,2381,2383,2395
2120,2175,2399
2121,2138,2179,2326,2381
2122,
2123,
2124,2230,2400
2125,
2126,2144,2185,2197,2400
2127,
2128,2275,2353
2129,
2130,
2131,2166,2204,2323,2401
2132,2249,2401
2133,2356,2402
2134,2383,2402
2135,
2136,
2137,2144,2166,2220,2356
2138,2121,2175,2202,2326,2349,2403
2139,
2140,2212,2247
2141,
2142,
2143,
2144,2126,2137,2192,2241,2353,2403
2145,2108,2268,2288,2404
2146,
2147,
2148,
2149,
2150,
2151,
2152,2232,2380
2153,
2154,2255,2396
2155,
2156,
2157,
2158,2163,2232
2159,
2160,2177,2288,2343,2404
2161,2202,2264
2162,
2163,2158,2198,2274,2395
2164,
2165,
2166,2131,2137,2220,2405
2167,2183,2256
2168,
2169,
2170,
2171,2275,2405
2172,
2173,
2174,2379,2406
2175,2120,2138,2198,2207,2275,2288,2370,2379
2176,
2177,2160,2198,2255,2406
2178,
2179,2121,2313,2382,2407
2180,
2181,
2182,
2183,2118,2167,2207,2234,2275,2374
2184,
2185,2126,2200,2202,2212,2264,2407
2186,
2187,2351,2352
2188,
2189,2199,2200,2238,2255,2398,2408
2190,
2191,2390,2408
2192,2106,2144,2230,2409
2193,
2194,
2195,2200,2216
2196,2207,2263,2265,2409
2197,2126,2410
2198,2163,2175,2177,2313,2349,2410
2199,2189,2218,2264,2308
2200,2185,2189,2195,2411
2201,2204,2247,2313,2411
2202,2119,2138,2161,2185,2226,2412
2203,
2204,2131,2201,2247,2370
2205,
2206,
2207,2175,2183,2196,2412
2208,
2209,2119,2234,2309,2332,2333,2356
2210,
2211,
2212,2140,2185,2305,2413
2213,
2214,
2215,
2216,2195,2218,2342,2396
2217,
2218,2199,2216,2351,2370
2219,
2220,2137,2166
2221,
2222,
2223,
2224,
2225,
2226,2202,2227,2318,2330
2227,2226,2232,2266,2413
2228,2278,2319
2229,
2230,2124,2192,2309,2322,2352,2414
2231,
2232,2152,2158,2227,2414
2233,
2234,2183,2209,2279,2318,2351,2415
2235,
2236,
2237,2350,2415
2238,2189,2416
2239,
2240,
2241,2144,2286
2242,
2243,
2244,
2245,
2246,
2247,2140,2201,2204,2267,2275,2382,2389,2416
2248,
2249,2132,2293,2309,2417
2250,
2251,
2252,
2253,
2254,
2255,2154,2177,2189,2287
2256,2167,2342
2257,2342,2417
2258,
2259,
2260,
2261,
2262,
2263,2196,2305,2381,2418
2264,2161,2185,2199,2418
2265,2196,2318
2266,2227,2365,2380,2419
2267,2247,2279
2268,2145,2293,2350,2419
2269,2274,2420
2270,
2271,
2272,
2273,
2274,2163,2269,2298,2420
2275,2128,2171,2175,2183,2247,2298,2322,2350
2276,
2277,
2278,2228,2305,2313,2328,2343,2421
2279,2234,2267,2356,2421
2280,
2281,
2282,
2283,
2284,
2285,
2286,2241,2422
2287,2106,2108,2255,2308,2322,2343,2374,2422
2288,2145,2160,2175,2293
2289,
2290,
2291,
2292,
2293,2249,2268,2288,2366,2390,2423
2294,2305,2423
2295,2309,2337
2296,
2297,
2298,2274,2275,2332,2350
2299,
2300,
2301,
2302,
2303,
2304,
2305,2212,2263,2278,2294,2332,2395
2306,
2307,
2308,2199,2287,2337,2342
2309,2209,2230,2249,2295
2310,
2311,
2312,
2313,2179,2198,2201,2278,2365,2424
2314,
2315,
2316,
2317,
2318,2119,2226,2234,2265,2342,2424
2319,2228,2425
2320,
2321,2342,2343,2350,2425
2322,2230,2275,2287,2383
2323,2131,2356
2324,
2325,
2326,2121,2138,2342,2350
2327,
2328,2278,2426
2329,
2330,2226,2337,2350,2351
2331,
2332,2209,2298,2305,2426
2333,2209,2427
2334,
2335,
2336,
2337,2295,2308,2330,2427
2338,
2339,
2340,
2341,
2342,2216,2256,2257,2308,2318,2321,2326,2428
2343,2160,2278,2287,2321,2350,2364,2382,2428
2344,
2345,
2346,
2347,2353,2381
2348,
2349,2138,2198
2350,2237,2268,2275,2298,2321,2326,2330,2343,2389,2429
2351,2187,2218,2234,2330,2380,2429
2352,2187,2230,2365,2430
2353,2128,2144,2347,2356,2380,2430
2354,
2355,
2356,2133,2137,2209,2279,2323,2353
2357,
2358,
2359,
2360,
2361,
2362,
2363,
2364,2343,2390
2365,2266,2313,2352,2431
2366,2293,2431
2367,
2368,
2369,2390,2432
2370,2175,2204,2218,2432
2371,
2372,
2373,
2374,2183,2287
2375,
2376,2383,2433
2377,
2378,
2379,2174,2175
2380,2152,2266,2351,2353
2381,2119,2121,2263,2347
2382,2179,2247,2343,2433
2383,2119,2134,2322,2376
2384,
2385,
2386,
2387,
2388,
2389,2247,2350
2390,2191,2293,2364,2369
2391,
2392,
2393,
2394,
2395,2119,2163,2305,2434
2396,2154,2216
2397,
2398,2189,2434
2399,2118,2120
2400,2124,2126
2401,2131,2132
2402,2133,2134
2403,2138,2144
2404,2145,2160
2405,2166,2171
2406,2174,2177
2407,2179,2185
2408,2189,2191
2409,2192,2196
2410,2197,2198
2411,2200,2201
2412,2202,2207
2413,2212,2227
2414,2230,2232
2415,2234,2237
2416,2238,2247
2417,2249,2257
2418,2263,2264
2419,2266,2268
2420,2269,2274
2421,2278,2279
2422,2286,2287
2423,2293,2294
2424,2313,2318
2425,2319,2321
2426,2328,2332
2427,2333,2337
2428,2342,2343
2429,2350,2351
2430,2352,2353
2431,2365,2366
2432,2369,2370
2433,2376,2382
2434,2395,2398
2435,
2436,
2437,
2438,
2439,
2440,
2441,
2442,
2443,
2444,
2445,
2446,
2447,
2448,
2449,
2450,
2451,
2452,
2453,
2454,
2455,
2456,
2457,
2458,
2459,
2460,
2461,
2462,
2463,
2464,
2465,
2466,
2467,
2468,
2469,
2470,
2471,
2472,
2473,
2474,
2475,
2476,
2477,
2478,
2479,
2480,
2481,
2482,
2483,
2484,
2485,
2486,
2487,
2488,
2489,
2490,
2491,
2492,
2493,
2494,
2495,
2496,
2497,
2498,
2499,
2500,
2501,
2502,
2503,
2504,
2505,
2506,
2507,
2508,
2509,
2510,
2511,
2512,
2513,
2514,
2515,
2516,
2517,
2518,
2519,
2520,
2521,
2522,
2523,
2524,
2525,
2526,
2527,
2528,
2529,
2530,
2531,
2532,
2533,
2534,
2535,
2536,
2537,
2538,
2539,
2540,
2541,
2542,
2543,
2544,
2545,
2546,
2547,
2548,
2549,
2550,
2551,
2552,
2553,
2554,
2555,
2556,
2557,
2558,
2559,
2560,
2561,
2562,
2563,
2564,
2565,
2566,
2567,
2568,
2569,
2570,
2571,
2572,
2573,
2574,
2575,
2576,
2577,
2578,
2579,
2580,
2581,
2582,
2583,
2584,
2585,
2586,
2587,
2588,
2589,
2590,
2591,
2592,
2593,
2594,
2595,
2596,
2597,
2598,
2599,
2600,
2601,
2602,
2603,
2604,
2605,
2606,
2607,
2608,
2609,
2610,
2611,
2612,
2613,
2614,
2615,
2616,
2617,
2618,
2619,
2620,
2621,
2622,
2623,
2624,
2625,
2626,
2627,
2628,
2629,
2630,
2631,
2632,
2633,
2634,
2635,
2636,
2637,
2638,
2639,
2640,
2641,
2642,
2643,
2644,
2645,
2646,
2647,
2648,
2649,
2650,
2651,
2652,
2653,
2654,
2655,
2656,
2657,
2658,
2659,
2660,
2661,
2662,
2663,
2664,
2665,
2666,
2667,
2668,
2669,
2670,
2671,
2672,
2673,
2674,
2675,
2676,
2677,
2678,
2679,
2680,
2681,
2682,
2683,
2684,
2685,
2686,
2687,
2688,
2689,
2690,
2691,
2692,
2693,
2694,
2695,
2696,
2697,
2698,
2699,
2700,
2701,
2702,
2703,
2704,
2705,
2706,
2707,
2708,
2709,
2710,
2711,
2712,
2713,
2714,
2715,
2716,
2717,
2718,
2719,
2720,
2721,
2722,
2723,
2724,
2725,
2726,
2727,
2728,
2729,
2730,
2731,
2732,
2733,
2734,
2735,
2736,
2737,
2738,
2739,
2740,
2741,
2742,
2743,
2744,
2745,
2746,
2747,
2748,
2749,
2750,
2751,
2752,
2753,
2754,
2755,
2756,
2757,
2758,
2759,
2760,
2761,
2762,
2763,
2764,
2765,
2766,
2767,
2768,
2769,
2770,
2771,
2772,
2773,
2774,
2775,
2776,
2777,
2778,
2779,
2780,
2781,
2782,
2783,
2784,
2785,
2786,
2787,
2788,
2789,
2790,
2791,
2792,
2793,
2794,
2795,
2796,
2797,
2798,
2799,
2800,2819,2869,2928,3105
2801,
2802,2825,2998
2803,
2804,2878,3105
2805,
2806,
2807,
2808,2878,2964
2809,
2810,
2811,2823,2980,3054,3064
2812,2826,2994,3005,3106
2813,2822,2844,2892,2925,2954,3087
2814,
2815,
2816,2837,2925,3027,3067
2817,2855,2954,3042,3106
2818,
2819,2800,2930,2951,2998
2820,
2821,
2822,2813,3056
2823,2811,3107
2824,2888,2969,3027,3091
2825,2802,2959,3013,3057,3094,3107
2826,2812,2930,2981,3108
2827,2867,3070,3092,3108
2828,
2829,
2830,2967,3109
2831,
2832,
2833,2857,2885,2892,3109
2834,
2835,
2836,
2837,2816,2979,2980,3082
2838,2894,2967
2839,
2840,
2841,
2842,
2843,
2844,2813,2887,2960,2994
2845,
2846,
2847,
2848,
2849,
2850,
2851,
2852,
2853,2861,3000
2854,
2855,2817,2986
2856,
2857,2833,2944,2948,2971,2986,3014
2858,
2859,
2860,
2861,2853,3110
2862,2951,2974,3056,3110
2863,3054,3070,3092,3111
2864,2929,3046,3094,3111
2865,
2866,2891,3035,3082,3112
2867,2827,2967,3057,3112
2868,
2869,2800,2872,2879,2888,2891,3014,3036,3113
2870,
2871,
2872,2869,2891,2896,2948,2967,2982
2873,
2874,2894,2948,3042,3052
2875,
2876,
2877,2888,2930,2985,3113
2878,2804,2808,3020,3021,3070,3099
2879,2869,2931,2967,3114
2880,
2881,
2882,
2883,
2884,
2885,2833,3035,3099,3114
2886,
2887,2844,2985,2995,3054
2888,2824,2869,2877,2924,2996,3042,3064,3115
2889,
2890,
2891,2866,2869,2872,3024,3067,3115
2892,2813,2833,2954,3116
2893,
2894,2838,2874,2964,3049
2895,
2896,2872,2967,2995,3021,3094,3116
2897,3049,3117
2898,
2899,
2900,
2901,2928,2983,2994,3088
2902,
2903,
2904,2906,2967,2971,2983,3000,3117
2905,
2906,2904,2925,2944,3000,3012,3076
2907,
2908,2962,3015,3070,3085
2909,
2910,
2911,2931,2974
2912,
2913,
2914,
2915,
2916,
2917,
2918,
2919,
2920,
2921,
2922,
2923,
2924,2888,2974,3082,3118
2925,2813,2816,2906,3087
2926,
2927,
2928,2800,2901,2994,3019,3065,3076
2929,2864,2979
2930,2819,2826,2877,2962
2931,2879,2911,2979,3118
2932,
2933,
2934,
2935,3057,3079
2936,
2937,2981,3000,3049,3070,3079,3119
2938,2959,3076
2939,
2940,
2941,
2942,
2943,
2944,2857,2906,3090,3119
2945,
2946,
2947,
2948,2857,2872,2874,3120
2949,2954,2964
2950,
2951,2819,2862,3000,3046,3064,3093
2952,
2953,
2954,2813,2817,2892,2949
2955,
2956,
2957,
2958,
2959,2825,2938
2960,2844,3065
2961,
2962,2908,2930,3042,3120
2963,
2964,2808,2894,2949,3121
2965,
2966,
2967,2830,2838,2867,2872,2879,2896,2904,3004
2968,
2969,2824,2985
2970,
2971,2857,2904
2972,
2973,
2974,2862,2911,2924,2982,3074,3121
2975,2985,3122
2976,
2977,
2978,
2979,2837,2929,2931,3122
2980,2811,2837
2981,2826,2937
2982,2872,2974
2983,2901,2904,3092,3123
2984,
2985,2877,2887,2969,2975
2986,2855,2857,3036,3123
2987,
2988,
2989,
2990,
2991,
2992,2996,3124
2993,
2994,2812,2844,2901,2928,3020,3074
2995,2887,2896,3004,3124
2996,2888,2992,3098,3125
2997,
2998,2802,2819,3000,3125
2999,
3000,2853,2904,2906,2937,2951,2998,3024,3064
3001,
3002,
3003,
3004,2967,2995,3070,3126
3005,2812,3067
3006,
3007,
3008,
3009,
3010,
3011,
3012,2906,3126
3013,2825,3024,3070,3127
3014,2857,2869
3015,2908,3127
3016,
3017,
3018,
3019,2928,3021
3020,2878,2994
3021,2878,2896,3019,3128
3022,
3023,
3024,2891,3000,3013,3128
3025,
3026,
3027,2816,2824
3028,
3029,
3030,
3031,
3032,
3033,
3034,
3035,2866,2885,3068,3087
3036,2869,2986,3073,3129
3037,
3038,
3039,
3040,
3041,
3042,2817,2874,2888,2962,3074,3129
3043,
3044,
3045,
3046,2864,2951
3047,
3048,
3049,2894,2897,2937,3130
3050,
3051,
3052,2874,3130
3053,
3054,2811,2863,2887,3131
3055,
3056,2822,2862,3085,3131
3057,2825,2867,2935,3064
3058,
3059,
3060,
3061,
3062,
3063,
3064,2811,2888,2951,3000,3057,3076
3065,2928,2960
3066,
3067,2816,2891,3005,3074
3068,3035,3132
3069,
3070,2827,2863,2878,2908,2937,3004,3013,3132
3071,
3072,
3073,3036,3100
3074,2974,2994,3042,3067
3075,
3076,2906,2928,2938,3064
3077,
3078,
3079,2935,2937
3080,
3081,
3082,2837,2866,2924,3100
3083,
3084,
3085,2908,3056
3086,
3087,2813,2925,3035,3101
3088,2901,3099
3089,
3090,2944,3101
3091,2824,3102
3092,2827,2863,2983,3102
3093,2951,3103
3094,2825,2864,2896,3103
3095,
3096,
3097,
3098,2996,3104
3099,2878,2885,3088,3104
3100,3073,3082
3101,3087,3090
3102,3091,3092
3103,3093,3094
3104,3098,3099
3105,2800,2804
3106,2812,2817
3107,2823,2825
3108,2826,2827
3109,2830,2833
3110,2861,2862
3111,2863,2864
3112,2866,2867
3113,2869,2877
3114,2879,2885
3115,2888,2891
3116,2892,2896
3117,2897,2904
3118,2924,2931
3119,2937,2944
3120,2948,2962
3121,2964,2974
3122,2975,2979
3123,2983,2986
3124,2992,2995
3125,2996,2998
3126,3004,3012
3127,3013,3015
3128,3021,3024
3129,3036,3042
3130,3049,3052
3131,3054,3056
3132,3068,3070
3133,
3134,
3135,
3136,
3137,
3138,
3139,
3140,
3141,
3142,
3143,
3144,
3145,
3146,
3147,
3148,
3149,
3150,
3151,
3152,
3153,
3154,
3155,
3156,
3157,
3158,
3159,
3160,
3161,
3162,
3163,
3164,
3165,
3166,
3167,
3168,
3169,
3170,
3171,
3172,
3173,
3174,
3175,
3176,
3177,
3178,
3179,
3180,
3181,
3182,
3183,
3184,
3185,
3186,
3187,
3188,
3189,
3190,
3191,
3192,
3193,
3194,
3195,
3196,
3197,
3198,
3199,
3200,
3201,
3202,
3203,
3204,
3205,
3206,
3207,
3208,
3209,
3210,
3211,
3212,
3213,
3214,
3215,
3216,
3217,
3218,
3219,
3220,
3221,
3222,
3223,
3224,
3225,
3226,
3227,
3228,
3229,
3230,
3231,
3232,
3233,
3234,
3235,
3236,
3237,
3238,
3239,
3240,
3241,
3242,
3243,
3244,
3245,
3246,
3247,
3248,
3249,
3250,
3251,
3252,
3253,
3254,
3255,
3256,
3257,
3258,
3259,
3260,
3261,
3262,
3263,
3264,
3265,
3266,
3267,
3268,
3269,
3270,
3271,
3272,
3273,
3274,
3275,
3276,
3277,
3278,
3279,
3280,
3281,
3282,
3283,
3284,
3285,
3286,
3287,
3288,
3289,
3290,
3291,
3292,
3293,
3294,
3295,
3296,
3297,
3298,
3299,
3300,
3301,
3302,
3303,
3304,
3305,
3306,
3307,
3308,
3309,
3310,
3311,
3312,
3313,
3314,
3315,
3316,
3317,
3318,
3319,
3320,
3321,
3322,
3323,
3324,
3325,
3326,
3327,
3328,
3329,
3330,
3331,
3332,
3333,
3334,
3335,
3336,
3337,
3338,
3339,
3340,
3341,
3342,
3343,
3344,
3345,
3346,
3347,
3348,
3349,
3350,
3351,
3352,
3353,
3354,
3355,
3356,
3357,
3358,
3359,
3360,
3361,
3362,
3363,
3364,
3365,
3366,
3367,
3368,
3369,
3370,
3371,
3372,
3373,
3374,
3375,
3376,
3377,
3378,
3379,
3380,
3381,
3382,
3383,
3384,
3385,
3386,
3387,
3388,
3389,
3390,
3391,
3392,
3393,
3394,
3395,
3396,
3397,
3398,
3399,
3400,
3401,
3402,
3403,
3404,
3405,
3406,
3407,
3408,
3409,
3410,
3411,
3412,
3413,
3414,
3415,
3416,
3417,
3418,
3419,
3420,
3421,
3422,
3423,
3424,
3425,
3426,
3427,
3428,
3429,
3430,
3431,
3432,
3433,
3434,
3435,
3436,
3437,
3438,
3439,
3440,
3441,
3442,
3443,
3444,
3445,
3446,
3447,
3448,
3449,
3450,
3451,
3452,
3453,
3454,
3455,
3456,
3457,
3458,
3459,
3460,
3461,
3462,
3463,
3464,
3465,
3466,
3467,
3468,
3469,
3470,
3471,
3472,
3473,
3474,
3475,
3476,
3477,
3478,
3479,
3480,
3481,
3482,
3483,
3484,
3485,
3486,
3487,
3488,
3489,
3490,
3491,
3492,
3493,
3494,
3495,
3496,
3497,
3498,
3499,
3500,3612,3653,3760
3501,3650,3673,3706
3502,
3503,
3504,
3505,
3506,
3507,3582,3660,3711,3786,3792
3508,
3509,
3510,
3511,3607,3613,3654
3512,3590
3513,
3514,3515,3530,3708
3515,3514,3615
3516,
3517,
3518,
3519,3618,3695,3699,3714,3736
3520,
3521,3546,3714,3785
3522,3546
3523,
3524,
3525,3529,3655,3667
3526,
3527,
3528,3623
3529,3525,3790
3530,3514,3552,3660,3674,3729
3531,3706
3532,
3533,3594,3610,3630,3710,3748
3534,
3535,3622,3641,3703,3710,3714,3750
3536,3785
3537,3675,3724,3758
3538,
3539,
3540,
3541,
3542,
3543,3545,3610,3653
3544,
3545,3543,3611,3673,3794
3546,3521,3522,3607,3660,3792
3547,
3548,
3549,3608,3646,3663,3713,3720,3766
3550,
3551,
3552,3530,3553,3604,3615,3771,3785
3553,3552,3587,3641,3653,3660,3790
3554,
3555,
3556,3695
3557,3559,3706,3740,3787
3558,3563,3615
3559,3557,3754,3782
3560,
3561,
3562,
3563,3558
3564,
3565,
3566,
3567,
3568,
3569,
3570,
3571,
3572,
3573,
3574,
3575,
3576,3696,3751
3577,3683,3750,3760,3775
3578,
3579,3599,3637,3792
3580,
3581,
3582,3507,3744,3751,3760,3788
3583,
3584,
3585,
3586,
3587,3553,3692
3588,
3589,3711,3775
3590,3512,3653,3775,3792
3591,3713
3592,3599
3593,3626,3724,3758
3594,3533,3623,3661
3595,
3596,
3597,3632,3771,3775
3598,
3599,3579,3592,3604,3655
3600,3718
3601,3745
3602,3718,3758
3603,
3604,3552,3599,3612,3636,3646
3605,
3606,
3607,3511,3546,3661,3768
3608,3549,3615,3650,3673
3609,
3610,3533,3543,3616,3661
3611,3545
3612,3500,3604,3673,3695
3613,3511,3745
3614,
3615,3515,3552,3558,3608,3616,3692
3616,3610,3615,3623,3785
3617,
3618,3519,3622,3657,3749
3619,
3620,
3621,
3622,3535,3618,3724,3760
3623,3528,3594,3616,3639,3654,3667,3713
3624,
3625,3641,3719,3761
3626,3593,3636
3627,
3628,
3629,
3630,3533,3761,3782
3631,
3632,3597,3641
3633,
3634,
3635,
3636,3604,3626,3740
3637,3579,3744,3790
3638,
3639,3623,3788
3640,
3641,3535,3553,3625,3632,3699
3642,
3643,
3644,
3645,
3646,3549,3604,3667,3675,3736,3738
3647,
3648,
3649,
3650,3501,3608,3652
3651,
3652,3650,3692,3720
3653,3500,3543,3553,3590,3710,3729,3745
3654,3511,3623,3710
3655,3525,3599,3761
3656,
3657,3618
3658,
3659,
3660,3507,3530,3546,3553
3661,3594,3607,3610,3768
3662,
3663,3549,3692,3787
3664,
3665,
3666,
3667,3525,3623,3646,3710,3713
3668,
3669,
3670,
3671,
3672,
3673,3501,3545,3608,3612,3713
3674,3530,3740
3675,3537,3646,3703,3740
3676,
3677,
3678,
3679,
3680,
3681,
3682,
3683,3577,3738
3684,
3685,3720
3686,
3687,
3688,
3689,
3690,
3691,
3692,3587,3615,3652,3663
3693,
3694,
3695,3519,3556,3612,3792
3696,3576,3713,3787
3697,
3698,
3699,3519,3641
3700,
3701,
3702,3703
3703,3535,3675,3702,3785
3704,
3705,
3706,3501,3531,3557
3707,
3708,3514
3709,
3710,3533,3535,3653,3654,3667,3714
3711,3507,3589
3712,
3713,3549,3591,3623,3667,3673,3696,3719
3714,3519,3521,3535,3710
3715,
3716,
3717,
3718,3600,3602,3785
3719,3625,3713
3720,3549,3652,3685,3758
3721,
3722,
3723,
3724,3537,3593,3622
3725,3751
3726,
3727,
3728,
3729,3530,3653
3730,
3731,
3732,
3733,
3734,
3735,
3736,3519,3646
3737,
3738,3646,3683
3739,
3740,3557,3636,3674,3675
3741,
3742,
3743,
3744,3582,3637,3766
3745,3601,3613,3653,3782
3746,
3747,
3748,3533,3758
3749,3618
3750,3535,3577
3751,3576,3582,3725
3752,
3753,
3754,3559
3755,
3756,
3757,
3758,3537,3593,3602,3720,3748
3759,
3760,3500,3577,3582,3622
3761,3625,3630,3655,3785
3762,
3763,
3764,
3765,
3766,3549,3744,3788
3767,
3768,3607,3661
3769,
3770,
3771,3552,3597
3772,
3773,
3774,
3775,3577,3589,3590,3597
3776,
3777,
3778,
3779,
3780,
3781,
3782,3559,3630,3745
3783,
3784,
3785,3521,3536,3552,3616,3703,3718,3761
3786,3507
3787,3557,3663,3696
3788,3582,3639,3766
3789,
3790,3529,3553,3637
3791,
3792,3507,3546,3579,3590,3695,3794
3793,
3794,3545,3792
3795,
3796,
3797,
3798,
3799,
3800,
3801,
3802,
3803,
3804,
3805,
3806,
3807,
3808,
3809,
3810,
3811,
3812,
3813,
3814,
3815,
3816,
3817,
3818,
3819,
3820,
3821,
3822,
3823,
3824,
3825,
3826,
3827,
3828,
3829,
3830,
3831,
3832,
3833,
3834,
3835,
3836,
3837,
3838,
3839,
3840,
3841,
3842,
3843,
3844,
3845,
3846,
3847,
3848,
3849,
3850,
3851,
3852,
3853,
3854,
3855,
3856,
3857,
3858,
3859,
3860,
3861,
3862,
3863,
3864,
3865,
3866,
3867,
3868,
3869,
3870,
3871,
3872,
3873,
3874,
3875,
3876,
3877,
3878,
3879,
3880,
3881,
3882,
3883,
3884,
3885,
3886,
3887,
3888,
3889,
3890,
3891,
3892,
3893,
3894,
3895,
3896,
3897,
3898,
3899,
3900,
3901,
3902,
3903,
3904,
3905,
3906,
3907,
3908,
3909,
3910,
3911,
3912,
3913,
3914,
3915,
3916,
3917,
3918,
3919,
3920,
3921,
3922,
3923,
3924,
3925,
3926,
3927,
3928,
3929,
3930,
3931,
3932,
3933,
3934,
3935,
3936,
3937,
3938,
3939,
3940,
3941,
3942,
3943,
3944,
3945,
3946,
3947,
3948,
3949,
3950,
3951,
3952,
3953,
3954,
3955,
3956,
3957,
3958,
3959,
3960,
3961,
3962,
3963,
3964,
3965,
3966,
3967,
3968,
3969,
3970,
3971,
3972,
3973,
3974,
3975,
3976,
3977,
3978,
3979,
3980,
3981,
3982,
3983,
3984,
3985,
3986,
3987,
3988,
3989,
3990,
3991,
3992,
3993,
3994,
3995,
3996,
3997,
3998,
3999,
4000,
4001,
4002,
4003,
4004,
4005,
4006,
4007,
4008,
4009,
4010,
4011,
4012,
4013,
4014,
4015,
4016,
4017,
4018,
4019,
4020,
4021,
4022,
4023,
4024,
4025,
4026,
4027,
4028,
4029,
4030,
4031,
4032,
4033,
4034,
4035,
4036,
4037,
4038,
4039,
4040,
4041,
4042,
4043,
4044,
4045,
4046,
4047,
4048,
4049,
4050,
4051,
4052,
4053,
4054,
4055,
4056,
4057,
4058,
4059,
4060,
4061,
4062,
4063,
4064,
4065,
4066,
4067,
4068,
4069,
4070,
4071,
4072,
4073,
4074,
4075,
4076,
4077,
4078,
4079,
4080,
4081,
4082,
4083,
4084,
4085,
4086,
4087,
4088,
4089,
4090,
4091,
4092,
4093,
4094,
4095,
4096,
4097,
4098,
4099,
4100,
4101,
4102,
4103,
4104,
4105,
4106,
4107,
4108,
4109,
4110,
4111,
4112,
4113,
4114,
4115,
4116,
4117,
4118,
4119,
4120,
4121,
4122,
4123,
4124,
4125,
4126,
4127,
4128,
4129,
4130,
4131,
4132,
4133,
4134,
4135,
4136,
4137,
4138,
4139,
4140,
4141,
4142,
4143,
4144,
4145,
4146,
4147,
4148,
4149,
4150,
4151,
4152,
4153,
4154,
4155,
4156,
4157,
4158,
4159,
4160,
4161,
4162,
4163,
4164,
4165,
4166,
4167,
4168,
4169,
4170,
4171,
4172,
4173,
4174,
4175,
4176,
4177,
4178,
4179,
4180,
4181,
4182,
4183,
4184,
4185,
4186,
4187,
4188,
4189,
4190,
4191,
4192,
4193,
4194,
4195,
4196,
4197,
4198,
4199,
4200,4253,4271,4286,4311,4343,4355,4365,4374,4492
4201,
4202,
4203,4230,4302,4399,4445
4204,
4205,
4206,
4207,
4208,4289,4347,4355,4395,4440,4481
4209,4211,4260,4311
4210,
4211,4209,4320,4371,4386,4455,4481
4212,
4213,
4214,4271,4311,4315,4351
4215,4355,4389,4474,4479
4216,4242,4257,4323
4217,
4218,
4219,
4220,
4221,
4222,4343,4358,4459
4223,
4224,4251,4432,4483
4225,
4226,4352
4227,
4228,4301,4389,4403,4437
4229,
4230,4203,4259,4418,4493
4231,
4232,
4233,4239,4257,4307
4234,4290,4436
4235,
4236,4302
4237,
4238,
4239,4233,4256,4330
4240,
4241,
4242,4216,4270,4373,4392,4459,4460
4243,
4244,4253,4358,4371
4245,4327,4350,4418,4425,4434,4461
4246,
4247,
4248,4301,4320
4249,
4250,
4251,4224,4474
4252,4460
4253,4200,4244,4437
4254,
4255,
4256,4239,4389,4459
4257,4216,4233,4365
4258,
4259,4230,4299
4260,4209,4395,4415,4469
4261,
4262,4340
4263,
4264,4474
4265,
4266,
4267,
4268,
4269,4334,4361
4270,4242,4291,4302,4393
4271,4200,4214
4272,4352,4358,4373,4414
4273,
4274,
4275,
4276,
4277,
4278,
4279,4314,4320,4374
4280,
4281,
4282,
4283,
4284,
4285,
4286,4200
4287,
4288,
4289,4208,4311,4366,4418,4423
4290,4234,4340,4432,4460
4291,4270
4292,
4293,
4294,4316,4358,4470
4295,
4296,
4297,
4298,
4299,4259,4371,4441
4300,
4301,4228,4248,4347
4302,4203,4236,4270,4358,4393
4303,
4304,
4305,
4306,
4307,4233,4351,4381,4386,4440
4308,
4309,4322,4323,4351,4395,4397
4310,
4311,4200,4209,4214,4289,4415,4440
4312,4423,4479
4313,
4314,4279,4373,4476,4493
4315,4214,4355
4316,4294,4374,4399,4492
4317,4397,4466
4318,
4319,
4320,4211,4248,4279,4414
4321,
4322,4309,4351
4323,4216,4309,4340,4390
4324,
4325,
4326,
4327,4245,4437
4328,
4329,
4330,4239
4331,
4332,
4333,
4334,4269,4352
4335,
4336,
4337,
4338,
4339,
4340,4262,4290,4323
4341,
4342,
4343,4200,4222,4428
4344,
4345,4373,4424,4485
4346,
4347,4208,4301,4374,4391
4348,
4349,
4350,4245,4386
4351,4214,4307,4309,4322,4390,4444
4352,4226,4272,4334,4358,4470
4353,
4354,
4355,4200,4208,4215,4315,4360,4474,4489
4356,
4357,
4358,4222,4244,4272,4294,4302,4352,4469
4359,
4360,4355
4361,4269,4415,4420,4432,4492
4362,
4363,
4364,
4365,4200,4257
4366,4289,4372,4414,4476,4492
4367,
4368,
4369,
4370,
4371,4211,4244,4299,4423
4372,4366
4373,4242,4272,4314,4345,4386
4374,4200,4279,4316,4347,4476
4375,
4376,
4377,4389
4378,
4379,
4380,
4381,4307,4470
4382,
4383,
4384,
4385,
4386,4211,4307,4350,4373
4387,
4388,
4389,4215,4228,4256,4377
4390,4323,4351,4470
4391,4347,4420
4392,4242,4403,4432
4393,4270,4302,4397,4449
4394,
4395,4208,4260,4309
4396,
4397,4309,4317,4393
4398,
4399,4203,4316
4400,
4401,
4402,
4403,4228,4392,4479
4404,
4405,
4406,
4407,
4408,
4409,4432,4469
4410,4432
4411,
4412,
4413,
4414,4272,4320,4366,4492
4415,4260,4311,4361,4434,4455
4416,
4417,
4418,4230,4245,4289,4436
4419,
4420,4361,4391,4483
4421,4441
4422,4479
4423,4289,4312,4371
4424,4345,4427
4425,4245
4426,
4427,4424,4481
4428,4343
4429,
4430,
4431,
4432,4224,4290,4361,4392,4409,4410
4433,
4434,4245,4415
4435,
4436,4234,4418
4437,4228,4253,4327,4476
4438,
4439,
4440,4208,4307,4311
4441,4299,4421,4461,4493
4442,
4443,
4444,4351
4445,4203
4446,
4447,
4448,
4449,4393,4469
4450,
4451,
4452,
4453,
4454,4460,4476
4455,4211,4415
4456,
4457,
4458,
4459,4222,4242,4256
4460,4242,4252,4290,4454
4461,4245,4441
4462,
4463,
4464,
4465,
4466,4317,4479
4467,
4468,
4469,4260,4358,4409,4449
4470,4294,4352,4381,4390,4489
4471,
4472,
4473,
4474,4215,4251,4264,4355
4475,
4476,4314,4366,4374,4437,4454
4477,
4478,
4479,4215,4312,4403,4422,4466
4480,
4481,4208,4211,4427
4482,
4483,4224,4420
4484,
4485,4345,4489
4486,
4487,
4488,
4489,4355,4470,4485
4490,
4491,
4492,4200,4316,4361,4366,4414
4493,4230,4314,4441
4494,
4495,
4496,
4497,
4498,
4499,
4500,
4501,
4502,
4503,
4504,
4505,
4506,
4507,
4508,
4509,
4510,
4511,
4512,
4513,
4514,
4515,
4516,
4517,
4518,
4519,
4520,
4521,
4522,
4523,
4524,
4525,
4526,
4527,
4528,
4529,
4530,
4531,
4532,
4533,
4534,
4535,
4536,
4537,
4538,
4539,
4540,
4541,
4542,
4543,
4544,
4545,
4546,
4547,
4548,
4549,
4550,
4551,
4552,
4553,
4554,
4555,
4556,
4557,
4558,
4559,
4560,
4561,
4562,
4563,
4564,
4565,
4566,
4567,
4568,
4569,
4570,
4571,
4572,
4573,
4574,
4575,
4576,
4577,
4578,
4579,
4580,
4581,
4582,
4583,
4584,
4585,
4586,
4587,
4588,
4589,
4590,
4591,
4592,
4593,
4594,
4595,
4596,
4597,
4598,
4599,
4600,
4601,
4602,
4603,
4604,
4605,
4606,
4607,
4608,
4609,
4610,
4611,
4612,
4613,
4614,
4615,
4616,
4617,
4618,
4619,
4620,
4621,
4622,
4623,
4624,
4625,
4626,
4627,
4628,
4629,
4630,
4631,
4632,
4633,
4634,
4635,
4636,
4637,
4638,
4639,
4640,
4641,
4642,
4643,
4644,
4645,
4646,
4647,
4648,
4649,
4650,
4651,
4652,
4653,
4654,
4655,
4656,
4657,
4658,
4659,
4660,
4661,
4662,
4663,
4664,
4665,
4666,
4667,
4668,
4669,
4670,
4671,
4672,
4673,
4674,
4675,
4676,
4677,
4678,
4679,
4680,
4681,
4682,
4683,
4684,
4685,
4686,
4687,
4688,
4689,
4690,
4691,
4692,
4693,
4694,
4695,
4696,
4697,
4698,
4699,
4700,
4701,
4702,
4703,
4704,
4705,
4706,
4707,
4708,
4709,
4710,
4711,
4712,
4713,
4714,
4715,
4716,
4717,
4718,
4719,
4720,
4721,
4722,
4723,
4724,
4725,
4726,
4727,
4728,
4729,
4730,
4731,
4732,
4733,
4734,
4735,
4736,
4737,
4738,
4739,
4740,
4741,
4742,
4743,
4744,
4745,
4746,
4747,
4748,
4749,
4750,
4751,
4752,
4753,
4754,
4755,
4756,
4757,
4758,
4759,
4760,
4761,
4762,
4763,
4764,
4765,
4766,
4767,
4768,
4769,
4770,
4771,
4772,
4773,
4774,
4775,
4776,
4777,
4778,
4779,
4780,
4781,
4782,
4783,
4784,
4785,
4786,
4787,
4788,
4789,
4790,
4791,
4792,
4793,
4794,
4795,
4796,
4797,
4798,
4799,
4800,
4801,
4802,
4803,
4804,
4805,
4806,
4807,
4808,
4809,
4810,
4811,
4812,
4813,
4814,
4815,
4816,
4817,
4818,
4819,
4820,
4821,
4822,
4823,
4824,
4825,
4826,
4827,
4828,
4829,
4830,
4831,
4832,
4833,
4834,
4835,
4836,
4837,
4838,
4839,
4840,
4841,
4842,
4843,
4844,
4845,
4846,
4847,
4848,
4849,
4850,
4851,
4852,
4853,
4854,
4855,
4856,
4857,
4858,
4859,
4860,
4861,
4862,
4863,
4864,
4865,
4866,
4867,
4868,
4869,
4870,
4871,
4872,
4873,
4874,
4875,
4876,
4877,
4878,
4879,
4880,
4881,
4882,
4883,
4884,
4885,
4886,
4887,
4888,
4889,
4890,
4891,
4892,
4893,
4894,
4895,
4896,
4897,
4898,
4899,
4900,
4901,
4902,5009,5124,5134
4903,4937,4953,5073
4904,5078
4905,
4906,
4907,5123
4908,
4909,
4910,
4911,
4912,4973,5079,5124
4913,
4914,
4915,4940,4951,4969,5058
4916,5022
4917,
4918,5097,5186
4919,
4920,
4921,
4922,4925,5123
4923,
4924,
4925,4922,4945,4951
4926,
4927,
4928,
4929,5195
4930,5130,5135,5175
4931,
4932,5020,5109
4933,
4934,
4935,
4936,
4937,4903,4988,5016,5035
4938,
4939,
4940,4915,4958,5015,5108,5157
4941,
4942,
4943,5011,5017,5030,5112,5134,5172
4944,
4945,4925,4984,4985,5126
4946,
4947,4952,5062
4948,
4949,
4950,
4951,4915,4925,5104
4952,4947,4986,5019,5073
4953,4903
4954,
4955,
4956,5084
4957,5039,5096,5195
4958,4940,4978,5015,5048
4959,5062,5096,5145
4960,
4961,
4962,
4963,
4964,5096,5104
4965,
4966,
4967,
4968,
4969,4915,5016,5062,5090,5149
4970,
4971,
4972,
4973,4912,4985,5058,5123,5184
4974,4992,5022,5066
4975,
4976,
4977,
4978,4958,5019,5059,5123
4979,
4980,
4981,
4982,
4983,
4984,4945,5111,5193
4985,4945,4973,4988,5019,5030,5059,5116,5190
4986,4952,5002,5057,5132
4987,5175
4988,4937,4985,5054
4989,
4990,4992,5019,5022
4991,
4992,4974,4990,5035,5084,5152
4993,
4994,
4995,
4996,
4997,
4998,
4999,5010,5088,5089,5126
5000,
5001,
5002,4986,5059
5003,
5004,
5005,
5006,
5007,
5008,
5009,4902,5116,5145,5166
5010,4999,5064,5135
5011,4943,5022,5036,5098,5174
5012,
5013,
5014,
5015,4940,4958,5074
5016,4937,4969,5078
5017,4943,5050,5152
5018,5039,5077,5175,5193
5019,4952,4978,4985,4990,5098,5131,5194
5020,4932,5023,5079
5021,5042,5195
5022,4916,4974,4990,5011
5023,5020,5038,5104,5135
5024,
5025,
5026,
5027,
5028,
5029,
5030,4943,4985,5097,5103,5157
5031,5048,5078,5126,5139
5032,
5033,
5034,
5035,4937,4992,5040
5036,5011,5058,5090
5037,
5038,5023
5039,4957,5018,5048,5088,5186
5040,5035,5084
5041,
5042,5021,5070
5043,
5044,5095,5137,5145
5045,
5046,
5047,
5048,4958,5031,5039,5059,5112,5190
5049,
5050,5017,5157
5051,
5052,
5053,
5054,4988,5126,5149,5190
5055,
5056,
5057,4986
5058,4915,4973,5036,5064
5059,4978,4985,5002,5048,5167,5175
5060,5136
5061,
5062,4947,4959,4969,5104,5168
5063,
5064,5010,5058,5109
5065,
5066,4974,5145,5172
5067,
5068,
5069,
5070,5042,5174
5071,
5072,
5073,4903,4952,5123
5074,5015,5113,5195
5075,
5076,
5077,5018,5136,5149
5078,4904,5016,5031,5154
5079,4912,5020
5080,
5081,
5082,
5083,
5084,4956,4992,5040,5103,5174
5085,
5086,
5087,
5088,4999,5039,5089,5104,5154,5166
5089,4999,5088
5090,4969,5036
5091,
5092,5126
5093,
5094,
5095,5044
5096,4957,4959,4964
5097,4918,5030,5135
5098,5011,5019,5109
5099,
5100,
5101,
5102,5135
5103,5030,5084
5104,4951,4964,5023,5062,5088
5105,
5106,
5107,
5108,4940,5132
5109,4932,5064,5098,5113,5195
5110,
5111,4984,5181
5112,4943,5048,5166
5113,5074,5109
5114,
5115,
5116,4985,5009,5145,5172,5195
5117,
5118,
5119,
5120,
5121,
5122,
5123,4907,4922,4973,4978,5073,5135,5138
5124,4902,4912
5125,
5126,4945,4999,5031,5054,5092,5145
5127,
5128,
5129,
5130,4930
5131,5019
5132,4986,5108,5136
5133,
5134,4902,4943,5190
5135,4930,5010,5023,5097,5102,5123,5143,5166,5167,5195
5136,5060,5077,5132,5175
5137,5044
5138,5123,5181
5139,5031
5140,
5141,
5142,
5143,5135,5184
5144,
5145,4959,5009,5044,5066,5116,5126
5146,
5147,
5148,
5149,4969,5054,5077
5150,
5151,
5152,4992,5017
5153,
5154,5078,5088
5155,
5156,
5157,4940,5030,5050
5158,
5159,
5160,
5161,
5162,
5163,
5164,
5165,
5166,5009,5088,5112,5135
5167,5059,5135,5181
5168,5062
5169,
5170,
5171,
5172,4943,5066,5116
5173,
5174,5011,5070,5084
5175,4930,4987,5018,5059,5136
5176,
5177,
5178,
5179,
5180,
5181,5111,5138,5167
5182,
5183,
5184,4973,5143
5185,
5186,4918,5039
5187,
5188,
5189,
5190,4985,5048,5054,5134
5191,
5192,
5193,4984,5018
5194,5019
5195,4929,4957,5021,5074,5109,5116,5135
5196,
5197,
5198,
5199,
5200,
5201,
5202,
5203,
5204,
5205,
5206,
5207,
5208,
5209,
5210,
5211,
5212,
5213,
5214,
5215,
5216,
5217,
5218,
5219,
5220,
5221,
5222,
5223,
5224,
5225,
5226,
5227,
5228,
5229,
5230,
5231,
5232,
5233,
5234,
5235,
5236,
5237,
5238,
5239,
5240,
5241,
5242,
5243,
5244,
5245,
5246,
5247,
5248,
5249,
5250,
5251,
5252,
5253,
5254,
5255,
5256,
5257,
5258,
5259,
5260,
5261,
5262,
5263,
5264,
5265,
5266,
5267,
5268,
5269,
5270,
5271,
5272,
5273,
5274,
5275,
5276,
5277,
5278,
5279,
5280,
5281,
5282,
5283,
5284,
5285,
5286,
5287,
5288,
5289,
5290,
5291,
5292,
5293,
5294,
5295,
5296,
5297,
5298,
5299,
5300,
5301,
5302,
5303,
5304,
5305,
5306,
5307,
5308,
5309,
5310,
5311,
5312,
5313,
5314,
5315,
5316,
5317,
5318,
5319,
5320,
5321,
5322,
5323,
5324,
5325,
5326,
5327,
5328,
5329,
5330,
5331,
5332,
5333,
5334,
5335,
5336,
5337,
5338,
5339,
5340,
5341,
5342,
5343,
5344,
5345,
5346,
5347,
5348,
5349,
5350,
5351,
5352,
5353,
5354,
5355,
5356,
5357,
5358,
5359,
5360,
5361,
5362,
5363,
5364,
5365,
5366,
5367,
5368,
5369,
5370,
5371,
5372,
5373,
5374,
5375,
5376,
5377,
5378,
5379,
5380,
5381,
5382,
5383,
5384,
5385,
5386,
5387,
5388,
5389,
5390,
5391,
5392,
5393,
5394,
5395,
5396,
5397,
5398,
5399,
5400,
5401,
5402,
5403,
5404,
5405,
5406,
5407,
5408,
5409,
5410,
5411,
5412,
5413,
5414,
5415,
5416,
5417,
5418,
5419,
5420,
5421,
5422,
5423,
5424,
5425,
5426,
5427,
5428,
5429,
5430,
5431,
5432,
5433,
5434,
5435,
5436,
5437,
5438,
5439,
5440,
5441,
5442,
5443,
5444,
5445,
5446,
5447,
5448,
5449,
5450,
5451,
5452,
5453,
5454,
5455,
5456,
5457,
5458,
5459,
5460,
5461,
5462,
5463,
5464,
5465,
5466,
5467,
5468,
5469,
5470,
5471,
5472,
5473,
5474,
5475,
5476,
5477,
5478,
5479,
5480,
5481,
5482,
5483,
5484,
5485,
5486,
5487,
5488,
5489,
5490,
5491,
5492,
5493,
5494,
5495,
5496,
5497,
5498,
5499,
5500,
5501,
5502,
5503,
5504,
5505,
5506,
5507,
5508,
5509,
5510,
5511,
5512,
5513,
5514,
5515,
5516,
5517,
5518,
5519,
5520,
5521,
5522,
5523,
5524,
5525,
5526,
5527,
5528,
5529,
5530,
5531,
5532,
5533,
5534,
5535,
5536,
5537,
5538,
5539,
5540,
5541,
5542,
5543,
5544,
5545,
5546,
5547,
5548,
5549,
5550,
5551,
5552,
5553,
5554,
5555,
5556,
5557,
5558,
5559,
5560,
5561,
5562,
5563,
5564,
5565,
5566,
5567,
5568,
5569,
5570,
5571,
5572,
5573,
5574,
5575,
5576,
5577,
5578,
5579,
5580,
5581,
5582,
5583,
5584,
5585,
5586,
5587,
5588,
5589,
5590,
5591,
5592,
5593,
5594,
5595,
5596,
5597,
5598,
5599,
5600,
5601,5704
5602,
5603,
5604,5733,5808
5605,5658,5747,5837,5858
5606,
5607,
5608,
5609,
5610,
5611,5705,5836
5612,
5613,5667,5759,5781
5614,5689,5694,5870
5615,
5616,
5617,5899
5618,
5619,5640,5646,5674,5704,5762
5620,5770,5843
5621,
5622,
5623,
5624,
5625,5722,5784,5826,5870
5626,
5627,
5628,5663,5691,5779,5805
5629,5701,5856,5892
5630,5669,5685,5697
5631,
5632,
5633,
5634,5786,5794,5853
5635,
5636,
5637,
5638,
5639,
5640,5619,5676,5691
5641,
5642,
5643,5829,5880
5644,
5645,5733,5771,5856
5646,5619,5775,5845,5870
5647,
5648,
5649,
5650,5695,5768,5786
5651,
5652,5665,5733,5759,5822,5853,5867
5653,
5654,
5655,
5656,5667,5669
5657,
5658,5605,5770,5771,5880
5659,
5660,
5661,
5662,5809
5663,5628,5667,5717,5824
5664,5686,5755,5785,5795
5665,5652,5702,5717,5747,5749,5841,5867
5666,5763,5857,5899
5667,5613,5656,5663,5669,5899
5668,
5669,5630,5656,5667,5686,5705,5733,5790,5870
5670,5744,5770,5792,5795,5810,5836
5671,5691,5808
5672,
5673,
5674,5619,5701
5675,
5676,5640,5759,5787,5854,5857,5893
5677,
5678,
5679,
5680,
5681,5887
5682,5691,5728,5749,5867
5683,
5684,
5685,5630,5770
5686,5664,5669,5892
5687,
5688,
5689,5614
5690,
5691,5628,5640,5671,5682,5715,5733,5739,5841
5692,5768,5841
5693,
5694,5614,5756,5759
5695,5650,5719,5755,5761,5836,5853,5857
5696,
5697,5630
5698,
5699,
5700,5771
5701,5629,5674
5702,5665,5822,5857
5703,
5704,5601,5619,5779,5784,5805,5864
5705,5611,5669,5796
5706,
5707,
5708,
5709,5754,5836,5842,5876
5710,5770,5808,5846
5711,
5712,
5713,
5714,
5715,5691,5795,5808,5824,5864
5716,
5717,5663,5665
5718,
5719,5695,5756,5829
5720,
5721,5894
5722,5625
5723,
5724,
5725,
5726,5775
5727,
5728,5682,5786,5794,5805,5859
5729,
5730,
5731,
5732,
5733,5604,5645,5652,5669,5691,5774,5809
5734,
5735,
5736,
5737,
5738,
5739,5691
5740,
5741,
5742,
5743,
5744,5670
5745,
5746,
5747,5605,5665,5779,5809,5894,5899
5748,
5749,5665,5682,5795
5750,
5751,
5752,
5753,
5754,5709
5755,5664,5695
5756,5694,5719,5856
5757,
5758,
5759,5613,5652,5676,5694,5796
5760,5810
5761,5695
5762,5619,5787,5843
5763,5666
5764,
5765,
5766,
5767,
5768,5650,5692,5808
5769,
5770,5620,5658,5670,5685,5710,5876
5771,5645,5658,5700,5849
5772,
5773,
5774,5733
5775,5646,5726,5837
5776,
5777,
5778,
5779,5628,5704,5747
5780,
5781,5613,5822
5782,
5783,
5784,5625,5704
5785,5664,5790
5786,5634,5650,5728
5787,5676,5762,5853
5788,
5789,
5790,5669,5785
5791,
5792,5670,5816,5822,5867
5793,
5794,5634,5728,5849
5795,5664,5670,5715,5749,5893
5796,5705,5759
5797,
5798,
5799,
5800,
5801,5836,5887
5802,
5803,
5804,
5805,5628,5704,5728,5843,5856
5806,
5807,5853
5808,5604,5671,5710,5715,5768,5824
5809,5662,5733,5747
5810,5670,5760
5811,
5812,
5813,
5814,
5815,
5816,5792
5817,5826
5818,
5819,
5820,
5821,
5822,5652,5702,5781,5792,5894
5823,
5824,5663,5715,5808,5826,5864,5870
5825,
5826,5625,5817,5824,5858,5894
5827,
5828,
5829,5643,5719,5842
5830,
5831,
5832,
5833,
5834,
5835,
5836,5611,5670,5695,5709,5801
5837,5605,5775
5838,
5839,
5840,
5841,5665,5691,5692,5863
5842,5709,5829,5843
5843,5620,5762,5805,5842
5844,
5845,5646,5896
5846,5710,5894,5899
5847,
5848,
5849,5771,5794
5850,
5851,
5852,
5853,5634,5652,5695,5787,5807,5863
5854,5676,5887
5855,
5856,5629,5645,5756,5805,5858,5870
5857,5666,5676,5695,5702
5858,5605,5826,5856
5859,5728
5860,
5861,
5862,
5863,5841,5853,5873
5864,5704,5715,5824
5865,
5866,
5867,5652,5665,5682,5792
5868,
5869,
5870,5614,5625,5646,5669,5824,5856
5871,
5872,
5873,5863
5874,
5875,
5876,5709,5770
5877,
5878,
5879,
5880,5643,5658,5893
5881,
5882,
5883,
5884,
5885,
5886,
5887,5681,5801,5854
5888,
5889,
5890,
5891,
5892,5629,5686
5893,5676,5795,5880
5894,5721,5747,5822,5826,5846
5895,
5896,5845
5897,
5898,
5899,5617,5666,5667,5747,5846
5900,
5901,
5902,
5903,
5904,
5905,
5906,
5907,
5908,
5909,
5910,
5911,
5912,
5913,
5914,
5915,
5916,
5917,
5918,
5919,
5920,
5921,
5922,
5923,
5924,
5925,
5926,
5927,
5928,
5929,
5930,
5931,
5932,
5933,
5934,
5935,
5936,
5937,
5938,
5939,
5940,
5941,
5942,
5943,
5944,
5945,
5946,
5947,
5948,
5949,
5950,
5951,
5952,
5953,
5954,
5955,
5956,
5957,
5958,
5959,
5960,
5961,
5962,
5963,
5964,
5965,
5966,
5967,
5968,
5969,
5970,
5971,
5972,
5973,
5974,
5975,
5976,
5977,
5978,
5979,
5980,
5981,
5982,
5983,
5984,
5985,
5986,
5987,
5988,
5989,
5990,
5991,
5992,
5993,
5994,
5995,
5996,
5997,
5998,
5999,
6000,
6001,
6002,
6003,
6004,
6005,
6006,
6007,
6008,
6009,
6010,
6011,
6012,
6013,
6014,
6015,
6016,
6017,
6018,
6019,
6020,
6021,
6022,
6023,
6024,
6025,
6026,
6027,
6028,
6029,
6030,
6031,
6032,
6033,
6034,
6035,
6036,
6037,
6038,
6039,
6040,
6041,
6042,
6043,
6044,
6045,
6046,
6047,
6048,
6049,
6050,
6051,
6052,
6053,
6054,
6055,
6056,
6057,
6058,
6059,
6060,
6061,
6062,
6063,
6064,
6065,
6066,
6067,
6068,
6069,
6070,
6071,
6072,
6073,
6074,
6075,
6076,
6077,
6078,
6079,
6080,
6081,
6082,
6083,
6084,
6085,
6086,
6087,
6088,
6089,
6090,
6091,
6092,
6093,
6094,
6095,
6096,
6097,
6098,
6099,
6100,
6101,
6102,
6103,
6104,
6105,
6106,
6107,
6108,
6109,
6110,
6111,
6112,
6113,
6114,
6115,
6116,
6117,
6118,
6119,
6120,
6121,
6122,
6123,
6124,
6125,
6126,
6127,
6128,
6129,
6130,
6131,
6132,
6133,
6134,
6135,
6136,
6137,
6138,
6139,
6140,
6141,
6142,
6143,
6144,
6145,
6146,
6147,
6148,
6149,
6150,
6151,
6152,
6153,
6154,
6155,
6156,
6157,
6158,
6159,
6160,
6161,
6162,
6163,
6164,
6165,
6166,
6167,
6168,
6169,
6170,
6171,
6172,
6173,
6174,
6175,
6176,
6177,
6178,
6179,
6180,
6181,
6182,
6183,
6184,
6185,
6186,
6187,
6188,
6189,
6190,
6191,
6192,
6193,
6194,
6195,
6196,
6197,
6198,
6199,
6200,
6201,
6202,
6203,
6204,
6205,
6206,
6207,
6208,
6209,
6210,
6211,
6212,
6213,
6214,
6215,
6216,
6217,
6218,
6219,
6220,
6221,
6222,
6223,
6224,
6225,
6226,
6227,
6228,
6229,
6230,
6231,
6232,
6233,
6234,
6235,
6236,
6237,
6238,
6239,
6240,
6241,
6242,
6243,
6244,
6245,
6246,
6247,
6248,
6249,
6250,
6251,
6252,
6253,
6254,
6255,
6256,
6257,
6258,
6259,
6260,
6261,
6262,
6263,
6264,
6265,
6266,
6267,
6268,
6269,
6270,
6271,
6272,
6273,
6274,
6275,
6276,
6277,
6278,
6279,
6280,
6281,
6282,
6283,
6284,
6285,
6286,
6287,
6288,
6289,
6290,
6291,
6292,
6293,
6294,
6295,
6296,
6297,
6298,
6299,
6300,6305,6420,6444,6530
6301,
6302,
6303,
6304,
6305,6300,6376,6492
6306,
6307,6374,6379
6308,6342,6376,6442,6478
6309,
6310,
6311,
6312,6331,6452,6457,6534
6313,6343,6551
6314,6333,6347,6415,6565
6315,6520
6316,
6317,6374,6468,6478
6318,
6319,
6320,
6321,
6322,
6323,
6324,
6325,
6326,6421,6428,6442
6327,6344,6496,6500,6540,6568
6328,6552
6329,
6330,6417,6479
6331,6312,6375,6496,6554
6332,
6333,6314,6374,6436,6540
6334,
6335,
6336,6540,6584,6590
6337,6387,6397
6338,
6339,
6340,
6341,
6342,6308,6415,6470,6534
6343,6313,6568,6577
6344,6327,6440
6345,
6346,
6347,6314,6376,6472
6348,
6349,
6350,
6351,
6352,6380,6389,6408
6353,
6354,6375,6420,6554,6566
6355,
6356,
6357,
6358,
6359,6486,6545
6360,
6361,
6362,
6363,6540,6560
6364,
6365,6476
6366,
6367,6417,6457,6486,6502
6368,6566
6369,
6370,
6371,
6372,6387,6411,6515
6373,
6374,6307,6317,6333,6387,6457,6465,6494,6566
6375,6331,6354
6376,6305,6308,6347,6515,6536
6377,6461,6534,6580
6378,6383,6463,6527,6551,6566
6379,6307,6457
6380,6352,6491,6585
6381,6468,6496,6502
6382,6383,6421,6566
6383,6378,6382,6440,6567
6384,
6385,
6386,
6387,6337,6372,6374,6434,6473
6388,6421,6504
6389,6352,6408,6421
6390,
6391,
6392,
6393,
6394,6442,6536,6587
6395,
6396,
6397,6337,6534
6398,
6399,6402,6415,6540,6565
6400,
6401,
6402,6399,6442,6536
6403,
6404,
6405,6552,6584
6406,
6407,
6408,6352,6389,6530
6409,6461,6462,6504
6410,
6411,6372
6412,
6413,
6414,6576
6415,6314,6342,6399
6416,
6417,6330,6367,6566
6418,
6419,
6420,6300,6354,6492
6421,6326,6382,6388,6389
6422,
6423,6435,6476,6491,6500
6424,
6425,
6426,
6427,6486,6515
6428,6326,6463,6473,6587
6429,
6430,
6431,
6432,
6433,
6434,6387,6476,6539
6435,6423,6465,6545
6436,6333
6437,
6438,
6439,
6440,6344,6383,6555
6441,
6442,6308,6326,6394,6402
6443,6463,6515
6444,6300,6492,6502,6552
6445,
6446,
6447,
6448,
6449,
6450,
6451,
6452,6312,6555
6453,6504,6527
6454,
6455,
6456,
6457,6312,6367,6374,6379,6504,6515,6527,6555
6458,
6459,
6460,
6461,6377,6409,6494
6462,6409,6527,6554
6463,6378,6428,6443
6464,
6465,6374,6435,6584
6466,
6467,
6468,6317,6381,6472
6469,
6470,6342
6471,
6472,6347,6468
6473,6387,6428
6474,
6475,
6476,6365,6423,6434,6576,6577
6477,
6478,6308,6317,6540
6479,6330,6504,6527,6534,6565
6480,
6481,
6482,6530
6483,
6484,
6485,
6486,6359,6367,6427,6530,6565
6487,
6488,
6489,
6490,6502
6491,6380,6423,6526,6572
6492,6305,6420,6444
6493,6552,6556
6494,6374,6461
6495,
6496,6327,6331,6381,6515
6497,
6498,
6499,6525
6500,6327,6423,6590
6501,
6502,6367,6381,6444,6490,6576
6503,
6504,6388,6409,6453,6457,6479,6580
6505,
6506,
6507,
6508,
6509,
6510,
6511,
6512,
6513,
6514,
6515,6372,6376,6427,6443,6457,6496
6516,6587
6517,
6518,6585
6519,
6520,6315,6534,6590
6521,
6522,
6523,
6524,
6525,6499,6576,6590
6526,6491,6560
6527,6378,6453,6457,6462,6479
6528,
6529,
6530,6300,6408,6482,6486,6587
6531,
6532,
6533,
6534,6312,6342,6377,6397,6479,6520,6536,6538
6535,
6536,6376,6394,6402,6534,6552,6585
6537,
6538,6534,6552
6539,6434,6565
6540,6327,6333,6336,6363,6399,6478,6576
6541,
6542,
6543,
6544,
6545,6359,6435
6546,
6547,
6548,6590
6549,
6550,
6551,6313,6378
6552,6328,6405,6444,6493,6536,6538
6553,
6554,6331,6354,6462
6555,6440,6452,6457,6580
6556,6493
6557,
6558,
6559,
6560,6363,6526
6561,
6562,
6563,
6564,
6565,6314,6399,6479,6486,6539
6566,6354,6368,6374,6378,6382,6417,6576
6567,6383,6576
6568,6327,6343,6587
6569,
6570,
6571,
6572,6491
6573,
6574,
6575,
6576,6414,6476,6502,6525,6540,6566,6567,6581
6577,6343,6476
6578,
6579,
6580,6377,6504,6555
6581,6576
6582,
6583,
6584,6336,6405,6465
6585,6380,6518,6536
6586,
6587,6394,6428,6516,6530,6568
6588,
6589,
6590,6336,6500,6520,6525,6548
The number of connected components of this graph is 5174.
The number of connected components of the graph that have an Eulerpath is 3.
The following 267 lines list the edges for the Eulerian path for Component 0.
5,114
114,104
104,60
60,8
8,11
11,31
31,75
75,98
98,72
72,39
39,45
45,274
274,11
11,74
74,30
30,298
298,27
27,80
80,23
23,123
123,309
309,124
124,202
202,17
17,297
297,19
19,147
147,14
14,79
79,88
88,18
18,8
8,84
84,87
87,136
136,311
311,133
133,34
34,99
99,1
1,219
219,183
183,120
120,60
60,172
172,27
27,164
164,102
102,154
154,153
153,210
210,84
84,276
276,98
98,147
147,164
164,315
315,166
166,256
256,215
215,86
86,14
14,129
129,21
21,18
18,252
252,23
23,218
218,60
60,250
250,15
15,296
296,5
5,238
238,183
183,139
139,259
259,218
218,87
87,151
151,31
31,172
172,65
65,225
225,193
193,120
120,70
70,62
62,80
80,112
112,41
41,96
96,266
266,59
59,202
202,74
74,56
56,163
163,88
88,156
156,21
21,290
290,225
225,200
200,160
160,215
215,183
183,210
210,200
200,258
258,256
256,324
324,272
272,111
111,115
115,142
142,186
186,34
34,299
299,39
39,283
283,59
59,257
257,228
228,222
222,320
320,215
215,254
254,80
80,128
128,310
310,129
129,43
43,99
99,86
86,304
304,85
85,178
178,133
133,80
80,186
186,178
178,316
316,179
179,294
294,31
31,264
264,7
7,278
278,264
264,156
156,314
314,154
154,254
254,183
183,237
237,122
122,272
272,217
217,151
151,313
313,152
152,11
11,289
289,328
328,295
295,289
289,74
74,120
120,308
308,122
122,293
293,65
65,301
301,70
70,119
119,99
99,185
185,254
254,283
283,142
142,312
312,139
139,266
266,152
152,217
217,264
264,210
210,319
319,211
211,74
74,192
192,234
234,251
251,102
102,306
306,109
109,129
129,277
277,73
73,302
302,75
75,202
202,318
318,209
209,80
80,303
303,79
79,144
144,41
41,300
300,60
60,285
285,133
133,130
130,62
62,167
167,172
172,98
98,305
305,96
96,277
277,251
251,323
323,252
252,274
274,199
199,198
198,19
19,288
288,218
218,212
212,225
225,321
321,238
238,199
199,317
317,198
198,285
285,284
284,264
264,288
288,327
327,287
287,274
274,277
277,325
325,274
274,286
286,85
85,293
293,217
217,294
294,228
228,286
286,326
326,283
283,206
206,114
114,307
307,115
115,250
250,322
322,239
239,5
5,329
329,1
The following 273 lines list the edges for the Eulerian path for Component 1.
1024,914
914,925
925,1026
1026,919
919,907
907,723
723,749
749,966
966,774
774,710
710,700
700,1000
1000,701
701,801
801,724
724,781
781,774
774,1010
1010,777
777,885
885,841
841,765
765,865
865,866
866,710
710,808
808,782
782,709
709,771
771,847
847,759
759,702
702,704
704,867
867,725
725,752
752,795
795,744
744,702
702,1001
1001,710
710,974
974,758
758,742
742,813
813,951
951,792
792,768
768,756
756,714
714,732
732,782
782,725
725,799
799,768
768,793
793,801
801,916
916,782
782,744
744,928
928,870
870,724
724,1002
1002,717
717,739
739,790
790,782
782,818
818,938
938,748
748,848
848,935
935,910
910,777
777,918
918,824
824,782
782,917
917,1025
1025,918
918,831
831,973
973,723
723,764
764,1008
1008,766
766,954
954,756
756,1007
1007,760
760,851
851,740
740,867
867,892
892,810
810,772
772,1009
1009,771
771,999
999,768
768,964
964,781
781,915
915,930
930,816
816,742
742,833
833,945
945,871
871,957
957,723
723,817
817,727
727,886
886,950
950,725
725,883
883,723
723,969
969,840
840,755
755,891
891,725
725,992
992,887
887,795
795,973
973,749
749,1005
1005,748
748,968
968,742
742,986
986,717
717,946
946,875
875,861
861,790
790,836
836,907
907,964
964,1032
1032,957
957,765
765,933
933,950
950,816
816,847
847,969
969,866
866,794
794,824
824,1015
1015,826
826,898
898,808
808,957
957,946
946,1030
1030,945
945,914
914,927
927,899
899,898
898,951
951,993
993,755
755,1006
1006,752
752,963
963,865
865,1018
1018,867
867,922
922,799
799,870
870,890
890,928
928,1027
1027,927
927,916
916,792
792,896
896,810
810,1014
1014,818
818,939
939,1029
1029,938
938,993
993,1034
1034,990
990,790
790,1012
1012,796
796,916
916,910
910,1023
1023,906
906,973
973,836
836,1016
1016,840
840,895
895,973
973,843
843,776
776,985
985,914
914,950
950,851
851,857
857,885
885,954
954,886
886,1020
1020,883
883,741
741,1004
1004,740
740,902
902,1022
1022,896
896,930
930,883
883,892
892,875
875,1019
1019,870
870,950
950,1031
1031,954
954,990
990,851
851,1017
1017,843
843,955
955,781
781,934
934,1028
1028,935
935,930
930,891
891,1021
1021,887
887,993
993,788
788,1011
1011,782
782,996
996,725
725,1003
1003,732
732,996
996,1035
1035,999
999,861
861,968
968,969
969,1033
1033,986
986,792
792,974
974,996
996,803
803,1013
1013,808
808,958
958,915
915,1024
1024,1036
1036,1025
The following 90 lines list the edges for the Eulerian path for Component 2.
3500,3612
3612,3604
3604,3552
3552,3530
3530,3514
3530,3674
3674,3740
3740,3557
3557,3559
3557,3787
3787,3663
3663,3549
3549,3608
3608,3615
3615,3692
3692,3587
3587,3553
3553,3552
3552,3615
3552,3785
3785,3521
3521,3546
3546,3660
3660,3507
3507,3582
3582,3744
3744,3637
3637,3579
3579,3599
3599,3655
3655,3525
3525,3529
3529,3790
3582,3760
3760,3500
3500,3653
3653,3543
3543,3545
3545,3794
3794,3792
3792,3507
3792,3695
3695,3519
3519,3618
3519,3714
3714,3710
3710,3533
3533,3594
3594,3623
3623,3639
3639,3788
3788,3582
3582,3751
3623,3667
3667,3710
3710,3535
3535,3622
3622,3724
3724,3537
3537,3675
3675,3646
3646,3549
3549,3713
3713,3667
3646,3736
3736,3519
3519,3699
3699,3641
3641,3535
3535,3703
3703,3675
3675,3740
3740,3636
3636,3604
3641,3625
3625,3719
3719,3713
3713,3623
3623,3616
3616,3610
3610,3533
3533,3630
3710,3654
3653,3590
3590,3792
3653,3729
3729,3530
3530,3660
3660,3553
3608,3673
The number of connected components of the graph that have an Euler circuit is 0.
